100 100
16808 282475250 622650074 984943659 144108931 470211273 101027545 457850879 458777924 7237710 823564441 115438166 784484493 74243043 114807988 137522504 441282328 16531730 823378841 143542613 896544304 474833170 264817710 998097158 817129561 131570934 197493100 404280279 893351817 505795336 954899098 636807827 563613513 101929268 580723811 704877634 358580980 624379150 128236580 784558822 530511968 110010673 551901394 617819337 399125486 156091746 356425229 899894092 585640195 937186358 646035002 25921154 510616709 590357945 771515669 357571491 44788125 927702197 952509531 130060904 942727723 83454667 108728550 685118025 118797802 60806854 571540978 194847409 35308229 158374934 75260299 824938982 595028636 962408014 137623866 997389815 20739064 107554537 635339426 654001670 777724116 269220095 34075630 478446502 864546518 351934196 581030106 557810405 146319452 908194299 500782189 657821124 753799506 102246883 269406753 816731567 884936717 807130338 578354439 892053145 
153851502
4844898
616783872
382955829
330111138
227619359
723153178
70982398
147722295
70477905
51621610
606946232
190959746
912844176
341853636
808266299
343098143
456880400
534827969
280090413
195400261
589673558
6441595
889688009
57716396
524325969
14119114
515204531
388471007
681910963
904797943
400285366
322842083
463179853
828530768
832633822
73185696
316824713
260973672
815859902
267248591
51724832
194314739
318153058
111631617
877819791
304555641
213110680
541437336
49077007
996497973
63936099
270649096
428975320
685583455
351345224
272112290
398556761
334948906
724586127
532236124
23129507
836045814
436476771
60935239
936329095
915896221
304987845
34712367
881140535
281725227
901915395
197941364
348318739
152607845
784559591
543436551
290145160
681808624
977764948
750597386
971307218
737195273
755540
399399248
462242386
459413497
951894886
537140624
848682421
12028145
86531969
289335736
755699916
623161626
992663535
43046043
358796012
943454680
771024153
